29
30
46
72
96
173
216
234
237
262
263
296
376
428
435
520
525
587
588
666
679
682
721
727
764
807
809
811
815
875
889
939
990
992
1007
1016
1020
1033
1186
1196
1257
1280
1320
1334
1356
1367
1394
1403
1419
1440
1448
1491
1502
1512
1520
1578
1598
1618
1637
1666
1691
1696
1707
1726
1742
1751
1784
1787
1809
1825
1826
1849
1880
1898
1913
1919
1989
2087
2095
2113
2121
2129
2161
2212
2234
2237
2252
2258
2294
2299
2304
2376
2404
2443
2449
2481
2486
2495
2504
2528
2530
2536
2570
2585
2598
2609
2628
2632
2681
2728
2741
2762
2769
2805
2808
2837
2840
2854
2862
2877
2906
2926
3043
3067
3075
3119
3184
3202
3219
3247
3289
3320
3324
3334
3343
3346
3366
3418
3419
3421
3428
3429
3430
3435
3470
3536
3551
3596
3604
3613
3620
3621
3633
3634
3644
3656
3763
3783
3825
3858
3885
3900
3960
3968
3969
3981
4012
4029
4093
4157
4199
4223
4228
4253
4276
4280
4298
4311
4350
4381
4442
4464
4471
4511
4529
4538
4550
4612
4628
4637
4647
4660
4687
4691
4697
4703
4732
4862
4866
4878
4894
4939
4978
4983
4989
4999
5003
5004
5034
5035
5058
5072
5078
5089
5107
5115
5116
5125
5157
5159
5187
5211
5216
5301
5321
5360
5390
5412
5424
5448
5468
5491
5502
5509
5522
5537
5543
5544
5545
5554
5594
5607
5612
5615
5620
5653
5655
5702
5708
5725
5727
5765
5793
5823
5857
5884
5906
5938
5968
6018
6023
6094
6105
6261
6268
6283
6302
6333
6363
6425
6433
6440
6445
6447
6453
6462
6490
6499
6508
6628
6669
6692
6695
6731
6732
6741
6744
6761
6765
6805
6814
6844
6850
6873
6886
6913
6921
6932
6940
6941
6963
7011
7013
7039
7088
7092
7095
7102
7103
7171
7232
7287
7426
7441
7482
7489
7510
7562
7726
7773
7778
7798
7815
7818
7833
7837
7850
7881
7882
7918
7922
7926
8004
8023
8032
8088
8130
8132
8193
8257
8284
8285
8309
8310
8312
8334
8386
8393
8408
8473
8502
8558
8574
8593
8601
8640
8679
8683
8693
8717
8771
8786
8803
8805
8819
8899
8915
8955
8992
9001
9033
9160
9175
9182
9190
9193
9198
9202
9208
9225
9253
9272
9280
9320
9385
9407
9412
9415
9417
9418
9433
9437
9561
9588
9613
9636
9660
9681
9710
9801
9814
9827
9867
9889
9936
9946
9947
9958
9960
10008
10039
10040
10064
10094
10103
10113
10114
10144
10157
10176
10197
10210
10221
10223
10230
10238
10248
10250
10262
10280
10316
10333
10344
10364
10440
10449
10490
10504
10565
10594
10609
10610
10670
10701
10726
10806
10807
10837
10930
10949
10989
11051
11077
11114
11126
11178
11212
11220
11264
11275
11288
11290
11293
11329
11332
11342
11344
11389
11406
11438
11471
11472
11474
11478
11494
11496
11572
11587
11610
11620
11650
11736
11749
11773
11786
11793
11858
11871
11875
11910
11920
11935
11943
11955
11973
11990
12031
12043
12053
12106
12109
12123
12147
12153
12185
12239
12244
12285
12296
12307
12342
12373
12377
12415
12418
12429
12431
12435
12473
12549
12551
12586
12598
12633
12653
12667
12668
12687
12692
12711
12724
12732
12760
12766
12774
12815
12871
12890
12932
12962
12990
13001
13008
13037
13055
13060
13113
13126
13151
13198
13234
13247
13267
13277
13282
13294
13301
13315
13347
13377
13479
13510
13524
13530
13555
13556
13562
13564
13574
13588
13591
13592
13670
13676
13718
13719
13725
13729
13735
13784
13835
13880
13885
13886
13917
13928
13929
13966
13972
13986
14061
14063
14131
14140
14193
14214
14244
14248
14256
14259
14324
14368
14369
14395
14402
14420
14467
14494
14504
14544
14551
14558
14590
14642
14654
14660
14672
14686
14712
14723
14768
14804
14836
14846
14873
14895
14909
14910
14923
14927
14931
14958
14992
15025
15028
15075
15130
15182
15188
15191
15309
15310
15347
15401
15409
15460
15493
15497
15513
15566
15603
15630
15643
15645
15684
15729
15746
15773
15785
15787
15825
15836
15872
15879
15883
15898
15912
15918
15950
15959
15967
15968
15972
16015
16017
16033
16039
16056
16065
16087
16091
16101
16163
16198
16212
16316
16334
16358
16397
16460
16476
16487
16500
16511
16543
16550
16599
16614
16615
16618
16620
16657
16697
16753
16754
16772
16775
16808
16880
16882
16891
16895
16907
16926
16948
16967
16986
17016
17034
17045
17067
17083
17085
17134
17155
17181
17197
17230
17238
17248
17293
17349
17408
17467
17502
17535
17550
17558
17582
17603
17617
17665
17679
17715
17718
17744
17759
17776
17796
17835
17836
17844
17871
17892
17895
17953
18069
18073
18083
18091
18098
18101
18112
18167
18178
18196
18293
18302
18332
18347
18384
18394
18416
18419
18450
18499
18501
18521
18547
18563
18575
18590
18593
18620
18641
18649
18653
18675
18680
18690
18714
18747
18753
18774
18832
18852
18857
18895
18911
18918
18938
18976
18984
19021
19024
19043
19060
19091
19110
19136
19140
19165
19182
19270
19295
19332
19363
19429
19431
19465
19493
19506
19523
19532
19538
19580
19582
19599
19603
19642
19653
19655
19673
19678
19686
19709
19741
19742
19752
19775
19783
19807
19828
19855
19863
19884
19901
19919
19950
19965
19971
64
101
122
124
131
156
308
346
373
470
486
500
518
622
642
643
655
684
735
738
750
785
808
835
874
1003
1008
1043
1049
1090
1117
1124
1147
1159
1173
1175
1183
1205
1282
1312
1319
1326
1360
1379
1418
1429
1444
1462
1482
1498
1528
1536
1548
1573
1612
1615
1622
1632
1653
1738
1753
1755
1762
1770
1779
1793
1830
1915
1937
1950
1955
2023
2039
2041
2050
2143
2157
2188
2203
2240
2274
2288
2315
2350
2372
2391
2440
2460
2467
2468
2475
2510
2557
2630
2642
2645
2672
2679
2699
2759
2807
2844
2847
2880
2883
2897
2903
2913
2966
3011
3012
3094
3114
3123
3196
3227
3236
3286
3364
3402
3420
3492
3542
3559
3584
3592
3614
3618
3699
3706
3743
3744
3794
3795
3815
3826
3849
3852
3863
3880
3905
3930
3944
3947
3985
4000
4002
4057
4069
4108
4118
4149
4161
4163
4167
4191
4312
4321
4329
4336
4354
4383
4396
4402
4408
4424
4500
4512
4514
4516
4520
4536
4563
4575
4584
4596
4625
4684
4701
4717
4766
4782
4820
4825
4831
4835
4858
4881
4899
4905
4907
4934
4942
4946
5023
5033
5062
5070
5096
5113
5142
5235
5237
5282
5341
5363
5406
5414
5429
5465
5477
5489
5492
5557
5561
5569
5596
5623
5638
5650
5654
5659
5704
5705
5747
5768
5799
5803
5854
5867
5915
5959
5970
6012
6014
6090
6146
6170
6171
6182
6192
6211
6218
6247
6260
6298
6310
6348
6393
6444
6549
6560
6594
6601
6657
6715
6716
6776
6796
6841
6854
6881
6925
6956
6970
6971
6998
7003
7019
7053
7055
7066
7070
7074
7079
7093
7105
7139
7166
7177
7184
7185
7201
7236
7244
7260
7294
7298
7330
7339
7343
7344
7373
7382
7386
7399
7408
7425
7430
7530
7544
7579
7586
7611
7668
7688
7729
7748
7782
7846
7889
7935
7971
8015
8103
8106
8148
8181
8234
8248
8341
8359
8481
8491
8618
8675
8688
8711
8737
8814
8823
8827
8860
8962
8965
8998
9012
9037
9038
9073
9074
9155
9177
9218
9229
9250
9276
9428
9450
9469
9473
9477
9510
9536
9543
9592
9631
9656
9663
9690
9761
9770
9834
9844
9856
9861
9885
9904
9913
9918
9921
9999
10082
10125
10166
10180
10182
10232
10288
10292
10299
10305
10322
10343
10427
10432
10458
10477
10524
10549
10553
10574
10585
10604
10624
10627
10668
10671
10676
10716
10723
10764
10789
10810
10812
10853
10857
10883
10891
10897
10933
10937
10956
10960
10968
10992
11040
11068
11080
11086
11107
11111
11141
11198
11203
11234
11270
11304
11357
11369
11381
11409
11493
11557
11568
11648
11713
11726
11731
11763
11802
11817
11819
11822
11841
11889
11895
11901
11909
11930
11933
11959
11989
12002
12018
12036
12138
12160
12161
12169
12194
12204
12210
12219
12232
12263
12289
12308
12332
12350
12394
12422
12425
12507
12519
12564
12569
12582
12625
12677
12678
12730
12731
12763
12794
12822
12850
12875
12894
12912
13007
13068
13080
13097
13116
13167
13179
13180
13189
13292
13324
13346
13350
13390
13415
13471
13489
13495
13500
13532
13597
13609
13695
13709
13717
13812
13862
13881
13883
13899
13950
13988
14028
14040
14051
14071
14136
14150
14169
14181
14184
14199
14208
14285
14289
14318
14347
14360
14363
14380
14385
14401
14406
14417
14431
14466
14509
14554
14559
14565
14572
14576
14582
14609
14626
14703
14710
14714
14729
14764
14783
14789
14811
14883
14974
15005
15014
15015
15042
15054
15079
15090
15098
15099
15177
15189
15210
15217
15252
15289
15295
15296
15302
15324
15339
15351
15359
15385
15391
15428
15469
15487
15511
15512
15567
15583
15594
15622
15647
15664
15702
15732
15739
15748
15769
15776
15831
15874
15892
15951
15984
15988
16013
16030
16031
16037
16048
16078
16192
16200
16252
16257
16261
16290
16369
16386
16413
16446
16449
16505
16508
16529
16547
16604
16701
16714
16720
16732
16744
16748
16827
16833
16836
16864
17011
17098
17179
17188
17309
17358
17378
17427
17428
17489
17491
17510
17517
17542
17571
17610
17618
17705
17734
17741
17809
17849
17901
17950
17974
17984
17994
18074
18096
18102
18103
18148
18155
18162
18165
18216
18230
18242
18277
18318
18321
18323
18329
18338
18339
18345
18371
18442
18469
18482
18557
18573
18599
18745
18746
18815
18823
18835
18861
18863
18869
18903
18910
18913
18921
18961
19011
19022
19032
19039
19053
19083
19135
19156
19159
19219
19222
19238
19282
19337
19377
19378
19473
19487
19504
19507
19513
19517
19527
19566
19588
19615
19643
19735
19747
19809
19856
19879
19880
19924
19932
19947
19949
19952
19956
19980
52
54
128
165
168
186
246
258
303
490
626
699
722
795
864
941
953
1055
1066
1171
1289
1298
1406
1553
1571
1582
1693
1828
1832
1918
1942
1990
1995
2071
2215
2217
2283
2295
2324
2537
2551
2562
2615
2825
2870
2888
3092
3296
3340
3368
3385
3426
3481
3556
3597
3683
3707
3710
3747
3811
3850
4047
4096
4164
4212
4215
4236
4364
4436
4459
4585
4598
4668
5091
5154
5163
5311
5422
5749
5800
5882
5888
5926
5927
5942
5977
6063
6122
6230
6262
6278
6286
6296
6351
6391
6485
6524
6541
6621
6642
6797
6890
6957
6965
7007
7010
7101
7181
7200
7261
7277
7340
7412
7454
7575
7708
7792
7855
7924
8036
8155
8208
8212
8539
8652
8698
8731
8782
8846
8893
8959
9011
9041
9135
9145
9180
9255
9334
9339
9345
9652
9691
9821
9823
9840
9841
9858
9980
10091
10334
10401
10423
10531
10570
10579
10689
10792
10905
10934
11110
11167
11312
11388
11403
11431
11485
11522
11523
11581
11603
11631
11653
11916
11922
12107
12217
12254
12336
12351
12365
12449
12527
12613
12640
12706
12808
12852
12911
13025
13070
13256
13257
13472
13537
13706
13774
13789
13806
13870
13942
13969
14032
14100
14187
14292
14537
14546
14548
14632
14683
14715
14724
14761
14915
14963
15087
15102
15124
15138
15375
15418
15525
15655
15805
15818
15939
15979
15982
16042
16050
16083
16145
16232
16287
16308
16371
16486
16622
16682
16752
16776
16779
16809
16909
17105
17187
17420
17662
17810
17825
17828
17870
17914
17919
18055
18086
18123
18194
18195
18245
18287
18319
18375
18455
18558
18752
19013
19066
19221
19276
19289
19292
19314
19350
19432
19579
19755
19802
19847
19945
170
1111
3586
5399
5761
7517
8046
8199
11090
11972
12729
12901
12929
12974
12986
16503
17830
